31,00,63,00,3b,00,5c,00,30,00,5c,00,30,00,30,00,5c,00,30,00,4b,30,93,30,5c,00,30,00,ab,30,f3,30,5c,00,30,00,00,00,\
31,00,63,00,78,00,5c,00,30,00,5c,00,30,00,30,00,5c,00,30,00,4d,30,93,30,5c,00,30,00,ad,30,f3,30,5c,00,30,00,00,00,\
31,00,63,00,6b,00,5c,00,30,00,5c,00,30,00,30,00,5c,00,30,00,4f,30,93,30,5c,00,30,00,af,30,f3,30,5c,00,30,00,00,00,\
31,00,63,00,6a,00,5c,00,30,00,5c,00,30,00,30,00,5c,00,30,00,51,30,93,30,5c,00,30,00,b1,30,f3,30,5c,00,30,00,00,00,\
31,00,63,00,71,00,5c,00,30,00,5c,00,30,00,30,00,5c,00,30,00,53,30,93,30,5c,00,30,00,b3,30,f3,30,5c,00,30,00,00,00,\
31,00,63,00,27,00,5c,00,30,00,5c,00,30,00,30,00,5c,00,30,00,4b,30,44,30,5c,00,30,00,ab,30,a4,30,5c,00,30,00,00,00,\
31,00,63,00,2e,00,5c,00,30,00,5c,00,30,00,30,00,5c,00,30,00,51,30,44,30,5c,00,30,00,b1,30,a4,30,5c,00,30,00,00,00,\
31,00,63,00,2c,00,5c,00,30,00,5c,00,30,00,30,00,5c,00,30,00,53,30,46,30,5c,00,30,00,b3,30,a6,30,5c,00,30,00,00,00,\
31,00,6b,00,3b,00,5c,00,30,00,5c,00,30,00,30,00,5c,00,30,00,4b,30,93,30,5c,00,30,00,ab,30,f3,30,5c,00,30,00,00,00,\
31,00,6b,00,6a,00,5c,00,30,00,5c,00,30,00,30,00,5c,00,30,00,51,30,93,30,5c,00,30,00,b1,30,f3,30,5c,00,30,00,00,00,\
31,00,6b,00,78,00,5c,00,30,00,5c,00,30,00,30,00,5c,00,30,00,4d,30,93,30,5c,00,30,00,ad,30,f3,30,5c,00,30,00,00,00,\
31,00,6b,00,71,00,5c,00,30,00,5c,00,30,00,30,00,5c,00,30,00,53,30,93,30,5c,00,30,00,b3,30,f3,30,5c,00,30,00,00,00,\
31,00,6b,00,6b,00,5c,00,30,00,5c,00,30,00,30,00,5c,00,30,00,4f,30,93,30,5c,00,30,00,af,30,f3,30,5c,00,30,00,00,00,\
31,00,6b,00,27,00,5c,00,30,00,5c,00,30,00,30,00,5c,00,30,00,4b,30,44,30,5c,00,30,00,ab,30,a4,30,5c,00,30,00,00,00,\
31,00,6b,00,2e,00,5c,00,30,00,5c,00,30,00,30,00,5c,00,30,00,51,30,44,30,5c,00,30,00,b1,30,a4,30,5c,00,30,00,00,00,\
31,00,6b,00,2c,00,5c,00,30,00,5c,00,30,00,30,00,5c,00,30,00,53,30,46,30,5c,00,30,00,b3,30,a6,30,5c,00,30,00,00,00,\
31,00,73,00,3b,00,5c,00,30,00,5c,00,30,00,30,00,5c,00,30,00,55,30,93,30,5c,00,30,00,b5,30,f3,30,5c,00,30,00,00,00,\
31,00,73,00,78,00,5c,00,30,00,5c,00,30,00,30,00,5c,00,30,00,57,30,93,30,5c,00,30,00,b7,30,f3,30,5c,00,30,00,00,00,\
31,00,73,00,6b,00,5c,00,30,00,5c,00,30,00,30,00,5c,00,30,00,59,30,93,30,5c,00,30,00,b9,30,f3,30,5c,00,30,00,00,00,\
31,00,73,00,6a,00,5c,00,30,00,5c,00,30,00,30,00,5c,00,30,00,5b,30,93,30,5c,00,30,00,bb,30,f3,30,5c,00,30,00,00,00,\
31,00,73,00,71,00,5c,00,30,00,5c,00,30,00,30,00,5c,00,30,00,5d,30,93,30,5c,00,30,00,bd,30,f3,30,5c,00,30,00,00,00,\
31,00,73,00,27,00,5c,00,30,00,5c,00,30,00,30,00,5c,00,30,00,55,30,44,30,5c,00,30,00,b5,30,a4,30,5c,00,30,00,00,00,\
31,00,73,00,2e,00,5c,00,30,00,5c,00,30,00,30,00,5c,00,30,00,5b,30,44,30,5c,00,30,00,bb,30,a4,30,5c,00,30,00,00,00,\
31,00,73,00,2c,00,5c,00,30,00,5c,00,30,00,30,00,5c,00,30,00,5d,30,46,30,5c,00,30,00,bd,30,a6,30,5c,00,30,00,00,00,\
31,00,74,00,3b,00,5c,00,30,00,5c,00,30,00,30,00,5c,00,30,00,5f,30,93,30,5c,00,30,00,bf,30,f3,30,5c,00,30,00,00,00,\
31,00,74,00,78,00,5c,00,30,00,5c,00,30,00,30,00,5c,00,30,00,61,30,93,30,5c,00,30,00,c1,30,f3,30,5c,00,30,00,00,00,\
31,00,74,00,6b,00,5c,00,30,00,5c,00,30,00,30,00,5c,00,30,00,64,30,93,30,5c,00,30,00,c4,30,f3,30,5c,00,30,00,00,00,\
31,00,74,00,6a,00,5c,00,30,00,5c,00,30,00,30,00,5c,00,30,00,66,30,93,30,5c,00,30,00,c6,30,f3,30,5c,00,30,00,00,00,\
31,00,74,00,71,00,5c,00,30,00,5c,00,30,00,30,00,5c,00,30,00,68,30,93,30,5c,00,30,00,c8,30,f3,30,5c,00,30,00,00,00,\
31,00,74,00,27,00,5c,00,30,00,5c,00,30,00,30,00,5c,00,30,00,5f,30,44,30,5c,00,30,00,bf,30,a4,30,5c,00,30,00,00,00,\
31,00,74,00,2e,00,5c,00,30,00,5c,00,30,00,30,00,5c,00,30,00,66,30,44,30,5c,00,30,00,c6,30,a4,30,5c,00,30,00,00,00,\
31,00,74,00,2c,00,5c,00,30,00,5c,00,30,00,30,00,5c,00,30,00,68,30,46,30,5c,00,30,00,c8,30,a6,30,5c,00,30,00,00,00,\
31,00,6e,00,3b,00,5c,00,30,00,5c,00,30,00,30,00,5c,00,30,00,6a,30,93,30,5c,00,30,00,ca,30,f3,30,5c,00,30,00,00,00,\
31,00,6e,00,78,00,5c,00,30,00,5c,00,30,00,30,00,5c,00,30,00,6b,30,93,30,5c,00,30,00,cb,30,f3,30,5c,00,30,00,00,00,\
31,00,6e,00,6b,00,5c,00,30,00,5c,00,30,00,30,00,5c,00,30,00,6c,30,93,30,5c,00,30,00,cc,30,f3,30,5c,00,30,00,00,00,\
31,00,6e,00,6a,00,5c,00,30,00,5c,00,30,00,30,00,5c,00,30,00,6d,30,93,30,5c,00,30,00,cd,30,f3,30,5c,00,30,00,00,00,\
31,00,6e,00,71,00,5c,00,30,00,5c,00,30,00,30,00,5c,00,30,00,6e,30,93,30,5c,00,30,00,ce,30,f3,30,5c,00,30,00,00,00,\
31,00,6e,00,27,00,5c,00,30,00,5c,00,30,00,30,00,5c,00,30,00,6a,30,44,30,5c,00,30,00,ca,30,a4,30,5c,00,30,00,00,00,\
31,00,6e,00,2e,00,5c,00,30,00,5c,00,30,00,30,00,5c,00,30,00,6d,30,44,30,5c,00,30,00,cd,30,a4,30,5c,00,30,00,00,00,\
31,00,6e,00,2c,00,5c,00,30,00,5c,00,30,00,30,00,5c,00,30,00,6e,30,46,30,5c,00,30,00,ce,30,a6,30,5c,00,30,00,00,00,\
31,00,68,00,3b,00,5c,00,30,00,5c,00,30,00,30,00,5c,00,30,00,6f,30,93,30,5c,00,30,00,cf,30,f3,30,5c,00,30,00,00,00,\
31,00,68,00,78,00,5c,00,30,00,5c,00,30,00,30,00,5c,00,30,00,72,30,93,30,5c,00,30,00,d2,30,f3,30,5c,00,30,00,00,00,\
31,00,68,00,6b,00,5c,00,30,00,5c,00,30,00,30,00,5c,00,30,00,75,30,93,30,5c,00,30,00,d5,30,f3,30,5c,00,30,00,00,00,\
31,00,68,00,6a,00,5c,00,30,00,5c,00,30,00,30,00,5c,00,30,00,78,30,93,30,5c,00,30,00,d8,30,f3,30,5c,00,30,00,00,00,\
31,00,68,00,71,00,5c,00,30,00,5c,00,30,00,30,00,5c,00,30,00,7b,30,93,30,5c,00,30,00,db,30,f3,30,5c,00,30,00,00,00,\
31,00,68,00,27,00,5c,00,30,00,5c,00,30,00,30,00,5c,00,30,00,6f,30,44,30,5c,00,30,00,cf,30,a4,30,5c,00,30,00,00,00,\
31,00,68,00,2e,00,5c,00,30,00,5c,00,30,00,30,00,5c,00,30,00,78,30,44,30,5c,00,30,00,d8,30,a4,30,5c,00,30,00,00,00,\
31,00,68,00,2c,00,5c,00,30,00,5c,00,30,00,30,00,5c,00,30,00,7b,30,46,30,5c,00,30,00,db,30,a6,30,5c,00,30,00,00,00,\
31,00,6d,00,3b,00,5c,00,30,00,5c,00,30,00,30,00,5c,00,30,00,7e,30,93,30,5c,00,30,00,de,30,f3,30,5c,00,30,00,00,00,\
31,00,6d,00,78,00,5c,00,30,00,5c,00,30,00,30,00,5c,00,30,00,7f,30,93,30,5c,00,30,00,df,30,f3,30,5c,00,30,00,00,00,\
31,00,6d,00,6b,00,5c,00,30,00,5c,00,30,00,30,00,5c,00,30,00,80,30,93,30,5c,00,30,00,e0,30,f3,30,5c,00,30,00,00,00,\
31,00,6d,00,6a,00,5c,00,30,00,5c,00,30,00,30,00,5c,00,30,00,81,30,93,30,5c,00,30,00,e1,30,f3,30,5c,00,30,00,00,00,\
31,00,6d,00,71,00,5c,00,30,00,5c,00,30,00,30,00,5c,00,30,00,82,30,93,30,5c,00,30,00,e2,30,f3,30,5c,00,30,00,00,00,\
31,00,6d,00,27,00,5c,00,30,00,5c,00,30,00,30,00,5c,00,30,00,7e,30,44,30,5c,00,30,00,de,30,a4,30,5c,00,30,00,00,00,\
31,00,6d,00,2e,00,5c,00,30,00,5c,00,30,00,30,00,5c,00,30,00,81,30,44,30,5c,00,30,00,e1,30,a4,30,5c,00,30,00,00,00,\
31,00,6d,00,2c,00,5c,00,30,00,5c,00,30,00,30,00,5c,00,30,00,82,30,46,30,5c,00,30,00,e2,30,a6,30,5c,00,30,00,00,00,\
31,00,79,00,3b,00,5c,00,30,00,5c,00,30,00,30,00,5c,00,30,00,84,30,93,30,5c,00,30,00,e4,30,f3,30,5c,00,30,00,00,00,\
31,00,79,00,78,00,5c,00,30,00,5c,00,30,00,30,00,5c,00,30,00,44,30,93,30,5c,00,30,00,a4,30,f3,30,5c,00,30,00,00,00,\
31,00,79,00,6b,00,5c,00,30,00,5c,00,30,00,30,00,5c,00,30,00,86,30,93,30,5c,00,30,00,e6,30,f3,30,5c,00,30,00,00,00,\
31,00,79,00,6a,00,5c,00,30,00,5c,00,30,00,30,00,5c,00,30,00,44,30,47,30,93,30,5c,00,30,00,a4,30,a7,30,f3,30,5c,00,30,00,00,00,\
31,00,79,00,71,00,5c,00,30,00,5c,00,30,00,30,00,5c,00,30,00,88,30,93,30,5c,00,30,00,e8,30,f3,30,5c,00,30,00,00,00,\
31,00,79,00,27,00,5c,00,30,00,5c,00,30,00,30,00,5c,00,30,00,84,30,44,30,5c,00,30,00,e4,30,a4,30,5c,00,30,00,00,00,\
31,00,79,00,2e,00,5c,00,30,00,5c,00,30,00,30,00,5c,00,30,00,44,30,47,30,44,30,5c,00,30,00,a4,30,a7,30,a4,30,5c,00,30,00,00,00,\
31,00,79,00,2c,00,5c,00,30,00,5c,00,30,00,30,00,5c,00,30,00,88,30,46,30,5c,00,30,00,e8,30,a6,30,5c,00,30,00,00,00,\
31,00,72,00,3b,00,5c,00,30,00,5c,00,30,00,30,00,5c,00,30,00,89,30,93,30,5c,00,30,00,e9,30,f3,30,5c,00,30,00,00,00,\
31,00,72,00,78,00,5c,00,30,00,5c,00,30,00,30,00,5c,00,30,00,8a,30,93,30,5c,00,30,00,ea,30,f3,30,5c,00,30,00,00,00,\
31,00,72,00,6b,00,5c,00,30,00,5c,00,30,00,30,00,5c,00,30,00,8b,30,93,30,5c,00,30,00,eb,30,f3,30,5c,00,30,00,00,00,\
31,00,72,00,6a,00,5c,00,30,00,5c,00,30,00,30,00,5c,00,30,00,8c,30,93,30,5c,00,30,00,ec,30,f3,30,5c,00,30,00,00,00,\
31,00,72,00,71,00,5c,00,30,00,5c,00,30,00,30,00,5c,00,30,00,8d,30,93,30,5c,00,30,00,ed,30,f3,30,5c,00,30,00,00,00,\
31,00,72,00,27,00,5c,00,30,00,5c,00,30,00,30,00,5c,00,30,00,89,30,44,30,5c,00,30,00,e9,30,a4,30,5c,00,30,00,00,00,\
31,00,72,00,2e,00,5c,00,30,00,5c,00,30,00,30,00,5c,00,30,00,8c,30,44,30,5c,00,30,00,ec,30,a4,30,5c,00,30,00,00,00,\
31,00,72,00,2c,00,5c,00,30,00,5c,00,30,00,30,00,5c,00,30,00,8d,30,46,30,5c,00,30,00,ed,30,a6,30,5c,00,30,00,00,00,\
31,00,77,00,3b,00,5c,00,30,00,5c,00,30,00,30,00,5c,00,30,00,8f,30,93,30,5c,00,30,00,ef,30,f3,30,5c,00,30,00,00,00,\
31,00,77,00,78,00,5c,00,30,00,5c,00,30,00,30,00,5c,00,30,00,46,30,43,30,93,30,5c,00,30,00,a6,30,a3,30,f3,30,5c,00,30,00,00,00,\
31,00,77,00,6b,00,5c,00,30,00,5c,00,30,00,30,00,5c,00,30,00,46,30,93,30,5c,00,30,00,a6,30,f3,30,5c,00,30,00,00,00,\
31,00,77,00,6a,00,5c,00,30,00,5c,00,30,00,30,00,5c,00,30,00,46,30,47,30,93,30,5c,00,30,00,a6,30,a7,30,f3,30,5c,00,30,00,00,00,\
31,00,77,00,71,00,5c,00,30,00,5c,00,30,00,30,00,5c,00,30,00,92,30,93,30,5c,00,30,00,f2,30,f3,30,5c,00,30,00,00,00,\
31,00,77,00,27,00,5c,00,30,00,5c,00,30,00,30,00,5c,00,30,00,8f,30,44,30,5c,00,30,00,ef,30,a4,30,5c,00,30,00,00,00,\
31,00,77,00,2e,00,5c,00,30,00,5c,00,30,00,30,00,5c,00,30,00,46,30,47,30,44,30,5c,00,30,00,a6,30,a7,30,a4,30,5c,00,30,00,00,00,\
31,00,77,00,2c,00,5c,00,30,00,5c,00,30,00,30,00,5c,00,30,00,92,30,46,30,5c,00,30,00,f2,30,a6,30,5c,00,30,00,00,00,\
31,00,67,00,3b,00,5c,00,30,00,5c,00,30,00,30,00,5c,00,30,00,4c,30,93,30,5c,00,30,00,ac,30,f3,30,5c,00,30,00,00,00,\
31,00,67,00,78,00,5c,00,30,00,5c,00,30,00,30,00,5c,00,30,00,4e,30,93,30,5c,00,30,00,ae,30,f3,30,5c,00,30,00,00,00,\
31,00,67,00,6b,00,5c,00,30,00,5c,00,30,00,30,00,5c,00,30,00,50,30,93,30,5c,00,30,00,b0,30,f3,30,5c,00,30,00,00,00,\
31,00,67,00,6a,00,5c,00,30,00,5c,00,30,00,30,00,5c,00,30,00,52,30,93,30,5c,00,30,00,b2,30,f3,30,5c,00,30,00,00,00,\
31,00,67,00,71,00,5c,00,30,00,5c,00,30,00,30,00,5c,00,30,00,54,30,93,30,5c,00,30,00,b4,30,f3,30,5c,00,30,00,00,00,\
31,00,67,00,2e,00,5c,00,30,00,5c,00,30,00,30,00,5c,00,30,00,52,30,44,30,5c,00,30,00,b2,30,a4,30,5c,00,30,00,00,00,\
31,00,67,00,2c,00,5c,00,30,00,5c,00,30,00,30,00,5c,00,30,00,54,30,46,30,5c,00,30,00,b4,30,a6,30,5c,00,30,00,00,00,\
31,00,67,00,27,00,5c,00,30,00,5c,00,30,00,30,00,5c,00,30,00,4c,30,44,30,5c,00,30,00,ac,30,a4,30,5c,00,30,00,00,00,\
31,00,7a,00,3b,00,5c,00,30,00,5c,00,30,00,30,00,5c,00,30,00,56,30,93,30,5c,00,30,00,b6,30,f3,30,5c,00,30,00,00,00,\
31,00,7a,00,78,00,5c,00,30,00,5c,00,30,00,30,00,5c,00,30,00,58,30,93,30,5c,00,30,00,b8,30,f3,30,5c,00,30,00,00,00,\
31,00,7a,00,6b,00,5c,00,30,00,5c,00,30,00,30,00,5c,00,30,00,5a,30,93,30,5c,00,30,00,ba,30,f3,30,5c,00,30,00,00,00,\
31,00,7a,00,6a,00,5c,00,30,00,5c,00,30,00,30,00,5c,00,30,00,5c,30,93,30,5c,00,30,00,bc,30,f3,30,5c,00,30,00,00,00,\
31,00,7a,00,71,00,5c,00,30,00,5c,00,30,00,30,00,5c,00,30,00,5e,30,93,30,5c,00,30,00,be,30,f3,30,5c,00,30,00,00,00,\
31,00,7a,00,27,00,5c,00,30,00,5c,00,30,00,30,00,5c,00,30,00,56,30,44,30,5c,00,30,00,b6,30,a4,30,5c,00,30,00,00,00,\
31,00,7a,00,2e,00,5c,00,30,00,5c,00,30,00,30,00,5c,00,30,00,5c,30,44,30,5c,00,30,00,bc,30,a4,30,5c,00,30,00,00,00,\
31,00,7a,00,2c,00,5c,00,30,00,5c,00,30,00,30,00,5c,00,30,00,5e,30,46,30,5c,00,30,00,be,30,a6,30,5c,00,30,00,00,00,\
31,00,64,00,3b,00,5c,00,30,00,5c,00,30,00,30,00,5c,00,30,00,60,30,93,30,5c,00,30,00,c0,30,f3,30,5c,00,30,00,00,00,\
31,00,64,00,78,00,5c,00,30,00,5c,00,30,00,30,00,5c,00,30,00,62,30,93,30,5c,00,30,00,c2,30,f3,30,5c,00,30,00,00,00,\
31,00,64,00,6b,00,5c,00,30,00,5c,00,30,00,30,00,5c,00,30,00,65,30,93,30,5c,00,30,00,c5,30,f3,30,5c,00,30,00,00,00,\
31,00,64,00,6a,00,5c,00,30,00,5c,00,30,00,30,00,5c,00,30,00,67,30,93,30,5c,00,30,00,c7,30,f3,30,5c,00,30,00,00,00,\
31,00,64,00,71,00,5c,00,30,00,5c,00,30,00,30,00,5c,00,30,00,69,30,93,30,5c,00,30,00,c9,30,f3,30,5c,00,30,00,00,00,\
31,00,64,00,2e,00,5c,00,30,00,5c,00,30,00,30,00,5c,00,30,00,67,30,44,30,5c,00,30,00,c7,30,a4,30,5c,00,30,00,00,00,\
31,00,64,00,2c,00,5c,00,30,00,5c,00,30,00,30,00,5c,00,30,00,69,30,46,30,5c,00,30,00,c9,30,a6,30,5c,00,30,00,00,00,\
31,00,64,00,27,00,5c,00,30,00,5c,00,30,00,30,00,5c,00,30,00,60,30,44,30,5c,00,30,00,c0,30,a4,30,5c,00,30,00,00,00,\
31,00,62,00,3b,00,5c,00,30,00,5c,00,30,00,30,00,5c,00,30,00,70,30,93,30,5c,00,30,00,d0,30,f3,30,5c,00,30,00,00,00,\
31,00,62,00,78,00,5c,00,30,00,5c,00,30,00,30,00,5c,00,30,00,73,30,93,30,5c,00,30,00,d3,30,f3,30,5c,00,30,00,00,00,\
31,00,62,00,6b,00,5c,00,30,00,5c,00,30,00,30,00,5c,00,30,00,76,30,93,30,5c,00,30,00,d6,30,f3,30,5c,00,30,00,00,00,\
31,00,62,00,6a,00,5c,00,30,00,5c,00,30,00,30,00,5c,00,30,00,79,30,93,30,5c,00,30,00,d9,30,f3,30,5c,00,30,00,00,00,\
31,00,62,00,71,00,5c,00,30,00,5c,00,30,00,30,00,5c,00,30,00,7c,30,93,30,5c,00,30,00,dc,30,f3,30,5c,00,30,00,00,00,\
31,00,62,00,2e,00,5c,00,30,00,5c,00,30,00,30,00,5c,00,30,00,79,30,44,30,5c,00,30,00,d9,30,a4,30,5c,00,30,00,00,00,\
31,00,62,00,2c,00,5c,00,30,00,5c,00,30,00,30,00,5c,00,30,00,7c,30,46,30,5c,00,30,00,dc,30,a6,30,5c,00,30,00,00,00,\
31,00,62,00,27,00,5c,00,30,00,5c,00,30,00,30,00,5c,00,30,00,70,30,44,30,5c,00,30,00,d0,30,a4,30,5c,00,30,00,00,00,\
31,00,70,00,3b,00,5c,00,30,00,5c,00,30,00,30,00,5c,00,30,00,71,30,93,30,5c,00,30,00,d1,30,f3,30,5c,00,30,00,00,00,\
31,00,70,00,78,00,5c,00,30,00,5c,00,30,00,30,00,5c,00,30,00,74,30,93,30,5c,00,30,00,d4,30,f3,30,5c,00,30,00,00,00,\
31,00,70,00,6b,00,5c,00,30,00,5c,00,30,00,30,00,5c,00,30,00,77,30,93,30,5c,00,30,00,d7,30,f3,30,5c,00,30,00,00,00,\
31,00,70,00,6a,00,5c,00,30,00,5c,00,30,00,30,00,5c,00,30,00,7a,30,93,30,5c,00,30,00,da,30,f3,30,5c,00,30,00,00,00,\
31,00,70,00,71,00,5c,00,30,00,5c,00,30,00,30,00,5c,00,30,00,7d,30,93,30,5c,00,30,00,dd,30,f3,30,5c,00,30,00,00,00,\
31,00,70,00,27,00,5c,00,30,00,5c,00,30,00,30,00,5c,00,30,00,71,30,44,30,5c,00,30,00,d1,30,a4,30,5c,00,30,00,00,00,\
31,00,70,00,2e,00,5c,00,30,00,5c,00,30,00,30,00,5c,00,30,00,7a,30,44,30,5c,00,30,00,da,30,a4,30,5c,00,30,00,00,00,\
31,00,70,00,2c,00,5c,00,30,00,5c,00,30,00,30,00,5c,00,30,00,7d,30,46,30,5c,00,30,00,dd,30,a6,30,5c,00,30,00,00,00,\
31,00,76,00,3b,00,5c,00,30,00,5c,00,30,00,30,00,5c,00,30,00,71,30,93,30,5c,00,30,00,d1,30,f3,30,5c,00,30,00,00,00,\
31,00,76,00,78,00,5c,00,30,00,5c,00,30,00,30,00,5c,00,30,00,74,30,93,30,5c,00,30,00,d4,30,f3,30,5c,00,30,00,00,00,\
31,00,76,00,6b,00,5c,00,30,00,5c,00,30,00,30,00,5c,00,30,00,77,30,93,30,5c,00,30,00,d7,30,f3,30,5c,00,30,00,00,00,\
31,00,76,00,6a,00,5c,00,30,00,5c,00,30,00,30,00,5c,00,30,00,7a,30,93,30,5c,00,30,00,da,30,f3,30,5c,00,30,00,00,00,\
31,00,76,00,71,00,5c,00,30,00,5c,00,30,00,30,00,5c,00,30,00,7d,30,93,30,5c,00,30,00,dd,30,f3,30,5c,00,30,00,00,00,\
31,00,76,00,27,00,5c,00,30,00,5c,00,30,00,30,00,5c,00,30,00,71,30,44,30,5c,00,30,00,d1,30,a4,30,5c,00,30,00,00,00,\
31,00,76,00,2e,00,5c,00,30,00,5c,00,30,00,30,00,5c,00,30,00,7a,30,44,30,5c,00,30,00,da,30,a4,30,5c,00,30,00,00,00,\
31,00,76,00,2c,00,5c,00,30,00,5c,00,30,00,30,00,5c,00,30,00,7d,30,46,30,5c,00,30,00,dd,30,a6,30,5c,00,30,00,00,00,\
31,00,63,00,6e,00,3b,00,5c,00,30,00,5c,00,30,00,30,00,5c,00,30,00,4d,30,83,30,93,30,5c,00,30,00,ad,30,e3,30,f3,30,5c,00,30,00,00,00,\
31,00,63,00,6e,00,78,00,5c,00,30,00,5c,00,30,00,30,00,5c,00,30,00,4d,30,43,30,93,30,5c,00,30,00,ad,30,a3,30,f3,30,5c,00,30,00,00,00,\
31,00,63,00,6e,00,6b,00,5c,00,30,00,5c,00,30,00,30,00,5c,00,30,00,4d,30,85,30,93,30,5c,00,30,00,ad,30,e5,30,f3,30,5c,00,30,00,00,00,\
31,00,63,00,6e,00,6a,00,5c,00,30,00,5c,00,30,00,30,00,5c,00,30,00,4d,30,47,30,93,30,5c,00,30,00,ad,30,a7,30,f3,30,5c,00,30,00,00,00,\
31,00,63,00,6e,00,71,00,5c,00,30,00,5c,00,30,00,30,00,5c,00,30,00,4d,30,87,30,93,30,5c,00,30,00,ad,30,e7,30,f3,30,5c,00,30,00,00,00,\
31,00,63,00,6e,00,27,00,5c,00,30,00,5c,00,30,00,30,00,5c,00,30,00,4d,30,83,30,44,30,5c,00,30,00,ad,30,e3,30,a4,30,5c,00,30,00,00,00,\
31,00,63,00,6e,00,2e,00,5c,00,30,00,5c,00,30,00,30,00,5c,00,30,00,4d,30,47,30,44,30,5c,00,30,00,ad,30,a7,30,a4,30,5c,00,30,00,00,00,\
31,00,63,00,6e,00,2c,00,5c,00,30,00,5c,00,30,00,30,00,5c,00,30,00,4d,30,87,30,46,30,5c,00,30,00,ad,30,e7,30,a6,30,5c,00,30,00,00,00,\
31,00,73,00,68,00,3b,00,5c,00,30,00,5c,00,30,00,30,00,5c,00,30,00,57,30,83,30,93,30,5c,00,30,00,b7,30,e3,30,f3,30,5c,00,30,00,00,00,\
31,00,73,00,68,00,78,00,5c,00,30,00,5c,00,30,00,30,00,5c,00,30,00,57,30,43,30,93,30,5c,00,30,00,b7,30,a3,30,f3,30,5c,00,30,00,00,00,\
31,00,73,00,68,00,6b,00,5c,00,30,00,5c,00,30,00,30,00,5c,00,30,00,57,30,85,30,93,30,5c,00,30,00,b7,30,e5,30,f3,30,5c,00,30,00,00,00,\
31,00,73,00,68,00,6a,00,5c,00,30,00,5c,00,30,00,30,00,5c,00,30,00,57,30,47,30,93,30,5c,00,30,00,b7,30,a7,30,f3,30,5c,00,30,00,00,00,\
31,00,73,00,68,00,71,00,5c,00,30,00,5c,00,30,00,30,00,5c,00,30,00,57,30,87,30,93,30,5c,00,30,00,b7,30,e7,30,f3,30,5c,00,30,00,00,00,\
31,00,73,00,68,00,27,00,5c,00,30,00,5c,00,30,00,30,00,5c,00,30,00,57,30,83,30,44,30,5c,00,30,00,b7,30,e3,30,a4,30,5c,00,30,00,00,00,\
31,00,73,00,68,00,2e,00,5c,00,30,00,5c,00,30,00,30,00,5c,00,30,00,57,30,47,30,44,30,5c,00,30,00,b7,30,a7,30,a4,30,5c,00,30,00,00,00,\
31,00,73,00,68,00,2c,00,5c,00,30,00,5c,00,30,00,30,00,5c,00,30,00,57,30,87,30,46,30,5c,00,30,00,b7,30,e7,30,a6,30,5c,00,30,00,00,00,\
31,00,74,00,6e,00,3b,00,5c,00,30,00,5c,00,30,00,30,00,5c,00,30,00,61,30,83,30,93,30,5c,00,30,00,c1,30,e3,30,f3,30,5c,00,30,00,00,00,\
31,00,74,00,6e,00,78,00,5c,00,30,00,5c,00,30,00,30,00,5c,00,30,00,61,30,43,30,93,30,5c,00,30,00,c1,30,a3,30,f3,30,5c,00,30,00,00,00,\
31,00,74,00,6e,00,6b,00,5c,00,30,00,5c,00,30,00,30,00,5c,00,30,00,61,30,85,30,93,30,5c,00,30,00,c1,30,e5,30,f3,30,5c,00,30,00,00,00,\
31,00,74,00,6e,00,6a,00,5c,00,30,00,5c,00,30,00,30,00,5c,00,30,00,61,30,47,30,93,30,5c,00,30,00,c1,30,a7,30,f3,30,5c,00,30,00,00,00,\
31,00,74,00,6e,00,71,00,5c,00,30,00,5c,00,30,00,30,00,5c,00,30,00,61,30,87,30,93,30,5c,00,30,00,c1,30,e7,30,f3,30,5c,00,30,00,00,00,\
31,00,74,00,6e,00,27,00,5c,00,30,00,5c,00,30,00,30,00,5c,00,30,00,61,30,83,30,44,30,5c,00,30,00,c1,30,e3,30,a4,30,5c,00,30,00,00,00,\
31,00,74,00,6e,00,2e,00,5c,00,30,00,5c,00,30,00,30,00,5c,00,30,00,61,30,47,30,44,30,5c,00,30,00,c1,30,a7,30,a4,30,5c,00,30,00,00,00,\
31,00,74,00,6e,00,2c,00,5c,00,30,00,5c,00,30,00,30,00,5c,00,30,00,61,30,87,30,46,30,5c,00,30,00,c1,30,e7,30,a6,30,5c,00,30,00,00,00,\
31,00,74,00,68,00,3b,00,5c,00,30,00,5c,00,30,00,30,00,5c,00,30,00,66,30,41,30,93,30,5c,00,30,00,c6,30,a1,30,f3,30,5c,00,30,00,00,00,\
31,00,74,00,68,00,6a,00,5c,00,30,00,5c,00,30,00,30,00,5c,00,30,00,66,30,47,30,93,30,5c,00,30,00,c6,30,a7,30,f3,30,5c,00,30,00,00,00,\
31,00,74,00,68,00,78,00,5c,00,30,00,5c,00,30,00,30,00,5c,00,30,00,66,30,43,30,93,30,5c,00,30,00,c6,30,a3,30,f3,30,5c,00,30,00,00,00,\
31,00,74,00,68,00,71,00,5c,00,30,00,5c,00,30,00,30,00,5c,00,30,00,66,30,87,30,93,30,5c,00,30,00,c6,30,e7,30,f3,30,5c,00,30,00,00,00,\
31,00,74,00,68,00,6b,00,5c,00,30,00,5c,00,30,00,30,00,5c,00,30,00,66,30,85,30,93,30,5c,00,30,00,c6,30,e5,30,f3,30,5c,00,30,00,00,00,\
31,00,74,00,68,00,27,00,5c,00,30,00,5c,00,30,00,30,00,5c,00,30,00,66,30,41,30,44,30,5c,00,30,00,c6,30,a1,30,a4,30,5c,00,30,00,00,00,\
31,00,74,00,68,00,2e,00,5c,00,30,00,5c,00,30,00,30,00,5c,00,30,00,66,30,47,30,44,30,5c,00,30,00,c6,30,a7,30,a4,30,5c,00,30,00,00,00,\
31,00,74,00,68,00,2c,00,5c,00,30,00,5c,00,30,00,30,00,5c,00,30,00,66,30,87,30,46,30,5c,00,30,00,c6,30,e7,30,a6,30,5c,00,30,00,00,00,\
31,00,6e,00,68,00,3b,00,5c,00,30,00,5c,00,30,00,30,00,5c,00,30,00,6b,30,83,30,93,30,5c,00,30,00,cb,30,e3,30,f3,30,5c,00,30,00,00,00,\
31,00,6e,00,68,00,6b,00,5c,00,30,00,5c,00,30,00,30,00,5c,00,30,00,6b,30,85,30,93,30,5c,00,30,00,cb,30,e5,30,f3,30,5c,00,30,00,00,00,\
31,00,6e,00,68,00,71,00,5c,00,30,00,5c,00,30,00,30,00,5c,00,30,00,6b,30,87,30,93,30,5c,00,30,00,cb,30,e7,30,f3,30,5c,00,30,00,00,00,\
31,00,6e,00,68,00,78,00,5c,00,30,00,5c,00,30,00,30,00,5c,00,30,00,6b,30,43,30,93,30,5c,00,30,00,cb,30,a3,30,f3,30,5c,00,30,00,00,00,\
31,00,6e,00,68,00,6a,00,5c,00,30,00,5c,00,30,00,30,00,5c,00,30,00,6b,30,47,30,93,30,5c,00,30,00,cb,30,a7,30,f3,30,5c,00,30,00,00,00,\
31,00,6e,00,68,00,27,00,5c,00,30,00,5c,00,30,00,30,00,5c,00,30,00,6b,30,83,30,44,30,5c,00,30,00,cb,30,e3,30,a4,30,5c,00,30,00,00,00,\
31,00,6e,00,68,00,2e,00,5c,00,30,00,5c,00,30,00,30,00,5c,00,30,00,6b,30,47,30,44,30,5c,00,30,00,cb,30,a7,30,a4,30,5c,00,30,00,00,00,\
31,00,6e,00,68,00,2c,00,5c,00,30,00,5c,00,30,00,30,00,5c,00,30,00,6b,30,87,30,46,30,5c,00,30,00,cb,30,e7,30,a6,30,5c,00,30,00,00,00,\
31,00,68,00,6e,00,3b,00,5c,00,30,00,5c,00,30,00,30,00,5c,00,30,00,72,30,83,30,93,30,5c,00,30,00,d2,30,e3,30,f3,30,5c,00,30,00,00,00,\
31,00,68,00,6e,00,78,00,5c,00,30,00,5c,00,30,00,30,00,5c,00,30,00,72,30,43,30,93,30,5c,00,30,00,d2,30,a3,30,f3,30,5c,00,30,00,00,00,\
31,00,68,00,6e,00,6b,00,5c,00,30,00,5c,00,30,00,30,00,5c,00,30,00,72,30,85,30,93,30,5c,00,30,00,d2,30,e5,30,f3,30,5c,00,30,00,00,00,\
31,00,68,00,6e,00,6a,00,5c,00,30,00,5c,00,30,00,30,00,5c,00,30,00,72,30,47,30,93,30,5c,00,30,00,d2,30,a7,30,f3,30,5c,00,30,00,00,00,\
31,00,68,00,6e,00,71,00,5c,00,30,00,5c,00,30,00,30,00,5c,00,30,00,72,30,87,30,93,30,5c,00,30,00,d2,30,e7,30,f3,30,5c,00,30,00,00,00,\
31,00,68,00,6e,00,27,00,5c,00,30,00,5c,00,30,00,30,00,5c,00,30,00,72,30,83,30,44,30,5c,00,30,00,d2,30,e3,30,a4,30,5c,00,30,00,00,00,\
31,00,68,00,6e,00,2e,00,5c,00,30,00,5c,00,30,00,30,00,5c,00,30,00,72,30,47,30,44,30,5c,00,30,00,d2,30,a7,30,a4,30,5c,00,30,00,00,00,\
31,00,68,00,6e,00,2c,00,5c,00,30,00,5c,00,30,00,30,00,5c,00,30,00,72,30,87,30,46,30,5c,00,30,00,d2,30,e7,30,a6,30,5c,00,30,00,00,00,\
31,00,6d,00,6e,00,3b,00,5c,00,30,00,5c,00,30,00,30,00,5c,00,30,00,7f,30,83,30,93,30,5c,00,30,00,df,30,e3,30,f3,30,5c,00,30,00,00,00,\
31,00,6d,00,6e,00,78,00,5c,00,30,00,5c,00,30,00,30,00,5c,00,30,00,7f,30,43,30,93,30,5c,00,30,00,df,30,a3,30,f3,30,5c,00,30,00,00,00,\
31,00,6d,00,6e,00,6b,00,5c,00,30,00,5c,00,30,00,30,00,5c,00,30,00,7f,30,85,30,93,30,5c,00,30,00,df,30,e5,30,f3,30,5c,00,30,00,00,00,\
31,00,6d,00,6e,00,6a,00,5c,00,30,00,5c,00,30,00,30,00,5c,00,30,00,7f,30,47,30,93,30,5c,00,30,00,df,30,a7,30,f3,30,5c,00,30,00,00,00,\
31,00,6d,00,6e,00,71,00,5c,00,30,00,5c,00,30,00,30,00,5c,00,30,00,7f,30,87,30,93,30,5c,00,30,00,df,30,e7,30,f3,30,5c,00,30,00,00,00,\
31,00,6d,00,6e,00,27,00,5c,00,30,00,5c,00,30,00,30,00,5c,00,30,00,7f,30,83,30,44,30,5c,00,30,00,df,30,e3,30,a4,30,5c,00,30,00,00,00,\
31,00,6d,00,6e,00,2e,00,5c,00,30,00,5c,00,30,00,30,00,5c,00,30,00,7f,30,47,30,44,30,5c,00,30,00,df,30,a7,30,a4,30,5c,00,30,00,00,00,\
31,00,6d,00,6e,00,2c,00,5c,00,30,00,5c,00,30,00,30,00,5c,00,30,00,7f,30,87,30,46,30,5c,00,30,00,df,30,e7,30,a6,30,5c,00,30,00,00,00,\
31,00,72,00,68,00,3b,00,5c,00,30,00,5c,00,30,00,30,00,5c,00,30,00,8a,30,83,30,93,30,5c,00,30,00,ea,30,e3,30,f3,30,5c,00,30,00,00,00,\
31,00,72,00,68,00,78,00,5c,00,30,00,5c,00,30,00,30,00,5c,00,30,00,8a,30,43,30,93,30,5c,00,30,00,ea,30,a3,30,f3,30,5c,00,30,00,00,00,\
31,00,72,00,68,00,6b,00,5c,00,30,00,5c,00,30,00,30,00,5c,00,30,00,8a,30,85,30,93,30,5c,00,30,00,ea,30,e5,30,f3,30,5c,00,30,00,00,00,\
31,00,72,00,68,00,6a,00,5c,00,30,00,5c,00,30,00,30,00,5c,00,30,00,8a,30,47,30,93,30,5c,00,30,00,ea,30,a7,30,f3,30,5c,00,30,00,00,00,\
31,00,72,00,68,00,71,00,5c,00,30,00,5c,00,30,00,30,00,5c,00,30,00,8a,30,87,30,93,30,5c,00,30,00,ea,30,e7,30,f3,30,5c,00,30,00,00,00,\
31,00,72,00,68,00,27,00,5c,00,30,00,5c,00,30,00,30,00,5c,00,30,00,8a,30,83,30,44,30,5c,00,30,00,ea,30,e3,30,a4,30,5c,00,30,00,00,00,\
31,00,72,00,68,00,2e,00,5c,00,30,00,5c,00,30,00,30,00,5c,00,30,00,8a,30,47,30,44,30,5c,00,30,00,ea,30,a7,30,a4,30,5c,00,30,00,00,00,\
31,00,72,00,68,00,2c,00,5c,00,30,00,5c,00,30,00,30,00,5c,00,30,00,8a,30,87,30,46,30,5c,00,30,00,ea,30,e7,30,a6,30,5c,00,30,00,00,00,\
31,00,66,00,3b,00,5c,00,30,00,5c,00,30,00,30,00,5c,00,30,00,75,30,41,30,93,30,5c,00,30,00,d5,30,a1,30,f3,30,5c,00,30,00,00,00,\
31,00,66,00,78,00,5c,00,30,00,5c,00,30,00,30,00,5c,00,30,00,75,30,43,30,93,30,5c,00,30,00,d5,30,a3,30,f3,30,5c,00,30,00,00,00,\
31,00,66,00,6b,00,5c,00,30,00,5c,00,30,00,30,00,5c,00,30,00,75,30,93,30,5c,00,30,00,d5,30,f3,30,5c,00,30,00,00,00,\
31,00,66,00,6a,00,5c,00,30,00,5c,00,30,00,30,00,5c,00,30,00,75,30,47,30,93,30,5c,00,30,00,d5,30,a7,30,f3,30,5c,00,30,00,00,00,\
31,00,66,00,71,00,5c,00,30,00,5c,00,30,00,30,00,5c,00,30,00,75,30,49,30,93,30,5c,00,30,00,d5,30,a9,30,f3,30,5c,00,30,00,00,00,\
31,00,66,00,2e,00,5c,00,30,00,5c,00,30,00,30,00,5c,00,30,00,75,30,47,30,44,30,5c,00,30,00,d5,30,a7,30,a4,30,5c,00,30,00,00,00,\
31,00,66,00,2c,00,5c,00,30,00,5c,00,30,00,30,00,5c,00,30,00,75,30,46,30,5c,00,30,00,d5,30,a6,30,5c,00,30,00,00,00,\
31,00,66,00,27,00,5c,00,30,00,5c,00,30,00,30,00,5c,00,30,00,75,30,41,30,44,30,5c,00,30,00,d5,30,a1,30,a4,30,5c,00,30,00,00,00,\
31,00,67,00,6e,00,3b,00,5c,00,30,00,5c,00,30,00,30,00,5c,00,30,00,4e,30,83,30,93,30,5c,00,30,00,ae,30,e3,30,f3,30,5c,00,30,00,00,00,\
31,00,67,00,6e,00,78,00,5c,00,30,00,5c,00,30,00,30,00,5c,00,30,00,4e,30,43,30,93,30,5c,00,30,00,ae,30,a3,30,f3,30,5c,00,30,00,00,00,\
31,00,67,00,6e,00,6b,00,5c,00,30,00,5c,00,30,00,30,00,5c,00,30,00,4e,30,85,30,93,30,5c,00,30,00,ae,30,e5,30,f3,30,5c,00,30,00,00,00,\
31,00,67,00,6e,00,6a,00,5c,00,30,00,5c,00,30,00,30,00,5c,00,30,00,4e,30,47,30,93,30,5c,00,30,00,ae,30,a7,30,f3,30,5c,00,30,00,00,00,\
31,00,67,00,6e,00,71,00,5c,00,30,00,5c,00,30,00,30,00,5c,00,30,00,4e,30,87,30,93,30,5c,00,30,00,ae,30,e7,30,f3,30,5c,00,30,00,00,00,\
31,00,67,00,6e,00,27,00,5c,00,30,00,5c,00,30,00,30,00,5c,00,30,00,4e,30,83,30,44,30,5c,00,30,00,ae,30,e3,30,a4,30,5c,00,30,00,00,00,\
31,00,67,00,6e,00,2e,00,5c,00,30,00,5c,00,30,00,30,00,5c,00,30,00,4e,30,47,30,44,30,5c,00,30,00,ae,30,a7,30,a4,30,5c,00,30,00,00,00,\
31,00,67,00,6e,00,2c,00,5c,00,30,00,5c,00,30,00,30,00,5c,00,30,00,4e,30,87,30,46,30,5c,00,30,00,ae,30,e7,30,a6,30,5c,00,30,00,00,00,\
31,00,7a,00,68,00,3b,00,5c,00,30,00,5c,00,30,00,30,00,5c,00,30,00,58,30,83,30,93,30,5c,00,30,00,b8,30,e3,30,f3,30,5c,00,30,00,00,00,\
31,00,7a,00,68,00,78,00,5c,00,30,00,5c,00,30,00,30,00,5c,00,30,00,58,30,43,30,93,30,5c,00,30,00,b8,30,a3,30,f3,30,5c,00,30,00,00,00,\
31,00,7a,00,68,00,6b,00,5c,00,30,00,5c,00,30,00,30,00,5c,00,30,00,58,30,85,30,93,30,5c,00,30,00,b8,30,e5,30,f3,30,5c,00,30,00,00,00,\
31,00,7a,00,68,00,6a,00,5c,00,30,00,5c,00,30,00,30,00,5c,00,30,00,58,30,47,30,93,30,5c,00,30,00,b8,30,a7,30,f3,30,5c,00,30,00,00,00,\
31,00,7a,00,68,00,71,00,5c,00,30,00,5c,00,30,00,30,00,5c,00,30,00,58,30,87,30,93,30,5c,00,30,00,b8,30,e7,30,f3,30,5c,00,30,00,00,00,\
31,00,7a,00,68,00,27,00,5c,00,30,00,5c,00,30,00,30,00,5c,00,30,00,58,30,83,30,44,30,5c,00,30,00,b8,30,e3,30,a4,30,5c,00,30,00,00,00,\
31,00,7a,00,68,00,2e,00,5c,00,30,00,5c,00,30,00,30,00,5c,00,30,00,58,30,47,30,44,30,5c,00,30,00,b8,30,a7,30,a4,30,5c,00,30,00,00,00,\
31,00,7a,00,68,00,2c,00,5c,00,30,00,5c,00,30,00,30,00,5c,00,30,00,58,30,87,30,46,30,5c,00,30,00,b8,30,e7,30,a6,30,5c,00,30,00,00,00,\
31,00,6a,00,3b,00,5c,00,30,00,5c,00,30,00,30,00,5c,00,30,00,58,30,83,30,93,30,5c,00,30,00,b8,30,e3,30,f3,30,5c,00,30,00,00,00,\
31,00,6a,00,78,00,5c,00,30,00,5c,00,30,00,30,00,5c,00,30,00,58,30,93,30,5c,00,30,00,b8,30,f3,30,5c,00,30,00,00,00,\
31,00,6a,00,6b,00,5c,00,30,00,5c,00,30,00,30,00,5c,00,30,00,58,30,85,30,93,30,5c,00,30,00,b8,30,e5,30,f3,30,5c,00,30,00,00,00,\
31,00,6a,00,6a,00,5c,00,30,00,5c,00,30,00,30,00,5c,00,30,00,58,30,47,30,93,30,5c,00,30,00,b8,30,a7,30,f3,30,5c,00,30,00,00,00,\
31,00,6a,00,71,00,5c,00,30,00,5c,00,30,00,30,00,5c,00,30,00,58,30,87,30,93,30,5c,00,30,00,b8,30,e7,30,f3,30,5c,00,30,00,00,00,\
31,00,6a,00,27,00,5c,00,30,00,5c,00,30,00,30,00,5c,00,30,00,58,30,83,30,44,30,5c,00,30,00,b8,30,e3,30,a4,30,5c,00,30,00,00,00,\
31,00,6a,00,2e,00,5c,00,30,00,5c,00,30,00,30,00,5c,00,30,00,58,30,47,30,44,30,5c,00,30,00,b8,30,a7,30,a4,30,5c,00,30,00,00,00,\
31,00,6a,00,2c,00,5c,00,30,00,5c,00,30,00,30,00,5c,00,30,00,58,30,87,30,46,30,5c,00,30,00,b8,30,e7,30,a6,30,5c,00,30,00,00,00,\
31,00,64,00,68,00,3b,00,5c,00,30,00,5c,00,30,00,30,00,5c,00,30,00,67,30,83,30,93,30,5c,00,30,00,c7,30,e3,30,f3,30,5c,00,30,00,00,00,\
31,00,64,00,68,00,78,00,5c,00,30,00,5c,00,30,00,30,00,5c,00,30,00,67,30,43,30,93,30,5c,00,30,00,c7,30,a3,30,f3,30,5c,00,30,00,00,00,\
31,00,64,00,68,00,6b,00,5c,00,30,00,5c,00,30,00,30,00,5c,00,30,00,67,30,85,30,93,30,5c,00,30,00,c7,30,e5,30,f3,30,5c,00,30,00,00,00,\
31,00,64,00,68,00,6a,00,5c,00,30,00,5c,00,30,00,30,00,5c,00,30,00,67,30,47,30,93,30,5c,00,30,00,c7,30,a7,30,f3,30,5c,00,30,00,00,00,\
31,00,64,00,68,00,71,00,5c,00,30,00,5c,00,30,00,30,00,5c,00,30,00,67,30,87,30,93,30,5c,00,30,00,c7,30,e7,30,f3,30,5c,00,30,00,00,00,\
31,00,64,00,68,00,27,00,5c,00,30,00,5c,00,30,00,30,00,5c,00,30,00,67,30,83,30,44,30,5c,00,30,00,c7,30,e3,30,a4,30,5c,00,30,00,00,00,\
31,00,64,00,68,00,2e,00,5c,00,30,00,5c,00,30,00,30,00,5c,00,30,00,67,30,47,30,44,30,5c,00,30,00,c7,30,a7,30,a4,30,5c,00,30,00,00,00,\
31,00,64,00,68,00,2c,00,5c,00,30,00,5c,00,30,00,30,00,5c,00,30,00,67,30,87,30,46,30,5c,00,30,00,c7,30,e7,30,a6,30,5c,00,30,00,00,00,\
31,00,62,00,6e,00,3b,00,5c,00,30,00,5c,00,30,00,30,00,5c,00,30,00,73,30,83,30,93,30,5c,00,30,00,d3,30,e3,30,f3,30,5c,00,30,00,00,00,\
31,00,62,00,6e,00,78,00,5c,00,30,00,5c,00,30,00,30,00,5c,00,30,00,73,30,43,30,93,30,5c,00,30,00,d3,30,a3,30,f3,30,5c,00,30,00,00,00,\
31,00,62,00,6e,00,6b,00,5c,00,30,00,5c,00,30,00,30,00,5c,00,30,00,73,30,85,30,93,30,5c,00,30,00,d3,30,e5,30,f3,30,5c,00,30,00,00,00,\
31,00,62,00,6e,00,6a,00,5c,00,30,00,5c,00,30,00,30,00,5c,00,30,00,73,30,47,30,93,30,5c,00,30,00,d3,30,a7,30,f3,30,5c,00,30,00,00,00,\
31,00,62,00,6e,00,71,00,5c,00,30,00,5c,00,30,00,30,00,5c,00,30,00,73,30,87,30,93,30,5c,00,30,00,d3,30,e7,30,f3,30,5c,00,30,00,00,00,\
31,00,62,00,6e,00,27,00,5c,00,30,00,5c,00,30,00,30,00,5c,00,30,00,73,30,83,30,44,30,5c,00,30,00,d3,30,e3,30,a4,30,5c,00,30,00,00,00,\
31,00,62,00,6e,00,2e,00,5c,00,30,00,5c,00,30,00,30,00,5c,00,30,00,73,30,47,30,44,30,5c,00,30,00,d3,30,a7,30,a4,30,5c,00,30,00,00,00,\
31,00,62,00,6e,00,2c,00,5c,00,30,00,5c,00,30,00,30,00,5c,00,30,00,73,30,87,30,46,30,5c,00,30,00,d3,30,e7,30,a6,30,5c,00,30,00,00,00,\
31,00,70,00,68,00,3b,00,5c,00,30,00,5c,00,30,00,30,00,5c,00,30,00,74,30,83,30,93,30,5c,00,30,00,d4,30,e3,30,f3,30,5c,00,30,00,00,00,\
31,00,70,00,68,00,78,00,5c,00,30,00,5c,00,30,00,30,00,5c,00,30,00,74,30,43,30,93,30,5c,00,30,00,d4,30,a3,30,f3,30,5c,00,30,00,00,00,\
31,00,70,00,68,00,6b,00,5c,00,30,00,5c,00,30,00,30,00,5c,00,30,00,74,30,85,30,93,30,5c,00,30,00,d4,30,e5,30,f3,30,5c,00,30,00,00,00,\
31,00,70,00,68,00,6a,00,5c,00,30,00,5c,00,30,00,30,00,5c,00,30,00,74,30,47,30,93,30,5c,00,30,00,d4,30,a7,30,f3,30,5c,00,30,00,00,00,\
31,00,70,00,68,00,71,00,5c,00,30,00,5c,00,30,00,30,00,5c,00,30,00,74,30,87,30,93,30,5c,00,30,00,d4,30,e7,30,f3,30,5c,00,30,00,00,00,\
31,00,70,00,68,00,27,00,5c,00,30,00,5c,00,30,00,30,00,5c,00,30,00,74,30,83,30,44,30,5c,00,30,00,d4,30,e3,30,a4,30,5c,00,30,00,00,00,\
31,00,70,00,68,00,2e,00,5c,00,30,00,5c,00,30,00,30,00,5c,00,30,00,74,30,47,30,44,30,5c,00,30,00,d4,30,a7,30,a4,30,5c,00,30,00,00,00,\
31,00,70,00,68,00,2c,00,5c,00,30,00,5c,00,30,00,30,00,5c,00,30,00,74,30,87,30,46,30,5c,00,30,00,d4,30,e7,30,a6,30,5c,00,30,00,00,00,\
31,00,76,00,68,00,3b,00,5c,00,30,00,5c,00,30,00,30,00,5c,00,30,00,74,30,83,30,93,30,5c,00,30,00,d4,30,e3,30,f3,30,5c,00,30,00,00,00,\
31,00,76,00,68,00,78,00,5c,00,30,00,5c,00,30,00,30,00,5c,00,30,00,74,30,43,30,93,30,5c,00,30,00,d4,30,a3,30,f3,30,5c,00,30,00,00,00,\
31,00,76,00,68,00,6b,00,5c,00,30,00,5c,00,30,00,30,00,5c,00,30,00,74,30,85,30,93,30,5c,00,30,00,d4,30,e5,30,f3,30,5c,00,30,00,00,00,\
31,00,76,00,68,00,6a,00,5c,00,30,00,5c,00,30,00,30,00,5c,00,30,00,74,30,47,30,93,30,5c,00,30,00,d4,30,a7,30,f3,30,5c,00,30,00,00,00,\
31,00,76,00,68,00,71,00,5c,00,30,00,5c,00,30,00,30,00,5c,00,30,00,74,30,87,30,93,30,5c,00,30,00,d4,30,e7,30,f3,30,5c,00,30,00,00,00,\
31,00,76,00,68,00,27,00,5c,00,30,00,5c,00,30,00,30,00,5c,00,30,00,74,30,83,30,44,30,5c,00,30,00,d4,30,e3,30,a4,30,5c,00,30,00,00,00,\
31,00,76,00,68,00,2e,00,5c,00,30,00,5c,00,30,00,30,00,5c,00,30,00,74,30,47,30,44,30,5c,00,30,00,d4,30,a7,30,a4,30,5c,00,30,00,00,00,\
31,00,76,00,68,00,2c,00,5c,00,30,00,5c,00,30,00,30,00,5c,00,30,00,74,30,87,30,46,30,5c,00,30,00,d4,30,e7,30,a6,30,5c,00,30,00,00,00,\
